=============== Reading data ==================
Reading 29 characters...
Content in message is:
hello world!!!
wakaka,wakakaýýýýÝÝÝÝÝÝ =
Rawdata in binary is:
0 1 1 0 1 0 0 0 0 1 1 0 0 1 0 1 0 1 1 0 1 1 0 0 0 1 1 0 1 1 0 0 0 1 1 0 1 1 1 1
0 0 1 0 0 0 0 0 0 1 1 1 0 1 1 1 0 1 1 0 1 1 1 1 0 1 1 1 0 0 1 0 0 1 1 0 1 1 0 0
0 1 1 0 0 1 0 0 0 0 1 0 0 0 0 1 0 0 1 0 0 0 0 1 0 0 1 0 0 0 0 1 0 0 0 0 1 1 0 1
0 0 0 0 1 0 1 0 0 1 1 1 0 1 1 1 0 1 1 0 0 0 0 1 0 1 1 0 1 0 1 1 0 1 1 0 0 0 0 1
0 1 1 0 1 0 1 1 0 1 1 0 0 0 0 1 0 0 1 0 1 1 0 0 0 1 1 1 0 1 1 1 0 1 1 0 0 0 0 1
0 1 1 0 1 0 1 1 0 1 1 0 0 0 0 1 0 1 1 0 1 0 1 1 0 1 1 0 0 0 0 1
Writing complete.
=============== SpineEncode start ==================
Spine length : 78
---------------divide message into blocks-----------------
message block:
3       2       0       6       2       5       5       4       3       3
0       6       7       4       4       0       3       5       6       6
7       5       6       2       3       3       0       6       2       0
4       1       1       0       2       2       0       4       1       5
0       2       4       7       3       5       4       1       3       2
6       6       0       5       5       3       3       0       2       2
6       1       6       7       3       0       2       6       5       5
4       1       3       2       6       6       0       4
--------------hash the message------------------
Spine values:
1511730864      3219789068      623080259       3985169544      259037879
1304505083      4176445851      1045451099      1269018100      2710306291
2680500984      1215073737      2925565709      631595277       1908788478
2337939670      252647682       2599874827      3386760699      2876945784
4007527927      2807598395      236072238       2180507291      1828962940
3159008461      2587491023      1715421441      3821504682      2551584670
2423098478      2039796133      2427517306      3592293148      1098183758
640422344       3246873522      4122387724      4289910131      2204539822
3083698457      2771852475      591252952       2578425341      3779667631
630193515       3255920226      1845947125      2921972060      3458733222
569875906       1955852869      1369235887      2158114960      437810321
2659868823      684100224       1890614498      3535922579      760268141
3855240149      64297172        3266778027      575855975       4123003548
2609862753      852177219       3175840731      1278060113      3290023097
3821597662      2418880642      364387751       3867023883      3774477551
1497838411      3965443914      2462057191
Hash complete.
------------making 3 passes, mapping to the symbol------------

Symbol mapping complete.
Symbol length: 234 byte
Symbol writing complete.
Decoding result:
Decoded message block:
3       2       0       6       2       5       5       4       3       3
0       6       7       4       4       0       3       5       6       6
7       5       6       2       3       3       0       6       2       0
4       1       1       0       2       2       0       4       1       5
0       2       4       7       3       5       4       1       3       2
6       6       0       5       5       3       3       0       2       2
6       1       6       7       3       0       2       6       5       5
4       1       3       2       6       6       0       4
Decoded message:
0 1 1 0 1 0 0 0 0 1 1 0 0 1 0 1 0 1 1 0 1 1 0 0 0 1 1 0 1 1 0 0 0 1 1 0 1 1 1 1
0 0 1 0 0 0 0 0 0 1 1 1 0 1 1 1 0 1 1 0 1 1 1 1 0 1 1 1 0 0 1 0 0 1 1 0 1 1 0 0
0 1 1 0 0 1 0 0 0 0 1 0 0 0 0 1 0 0 1 0 0 0 0 1 0 0 1 0 0 0 0 1 0 0 0 0 1 1 0 1
0 0 0 0 1 0 1 0 0 1 1 1 0 1 1 1 0 1 1 0 0 0 0 1 0 1 1 0 1 0 1 1 0 1 1 0 0 0 0 1
0 1 1 0 1 0 1 1 0 1 1 0 0 0 0 1 0 0 1 0 1 1 0 0 0 1 1 1 0 1 1 1 0 1 1 0 0 0 0 1
0 1 1 0 1 0 1 1 0 1 1 0 0 0 0 1 0 1 1 0 1 0 1 1 0 1 1 0 0 0 0 1 0 0
Çë°´ÈÎÒâ¼ü¼ÌÐø. . .