======================= Reading data =========================
Reading 29 characters...
Content in message is:
hello world!!!
wakaka,wakakaýýýýÝÝÝÝÝÝÝtñy
Rawdata in binary is:
0 1 1 0 1 0 0 0 0 1 1 0 0 1 0 1 0 1 1 0 1 1 0 0 0 1 1 0 1 1 0 0 0 1 1 0 1 1 1 1
0 0 1 0 0 0 0 0 0 1 1 1 0 1 1 1 0 1 1 0 1 1 1 1 0 1 1 1 0 0 1 0 0 1 1 0 1 1 0 0
0 1 1 0 0 1 0 0 0 0 1 0 0 0 0 1 0 0 1 0 0 0 0 1 0 0 1 0 0 0 0 1 0 0 0 0 1 1 0 1
0 0 0 0 1 0 1 0 0 1 1 1 0 1 1 1 0 1 1 0 0 0 0 1 0 1 1 0 1 0 1 1 0 1 1 0 0 0 0 1
0 1 1 0 1 0 1 1 0 1 1 0 0 0 0 1 0 0 1 0 1 1 0 0 0 1 1 1 0 1 1 1 0 1 1 0 0 0 0 1
0 1 1 0 1 0 1 1 0 1 1 0 0 0 0 1 0 1 1 0 1 0 1 1 0 1 1 0 0 0 0 1
Writing complete.
====================== SpineEncode start =====================
Spine length : 78
---------------divide message into blocks-----------------
message block:
3       2       0       6       2       5       5       4       3       3
0       6       7       4       4       0       3       5       6       6
7       5       6       2       3       3       0       6       2       0
4       1       1       0       2       2       0       4       1       5
0       2       4       7       3       5       4       1       3       2
6       6       0       5       5       3       3       0       2       2
6       1       6       7       3       0       2       6       5       5
4       1       3       2       6       6       0       4
--------------hash the message------------------
Spine values:
1511730864      3219789068      623080259       3985169544      259037879
1304505083      4176445851      1045451099      1269018100      2710306291
2680500984      1215073737      2925565709      631595277       1908788478
2337939670      252647682       2599874827      3386760699      2876945784
4007527927      2807598395      236072238       2180507291      1828962940
3159008461      2587491023      1715421441      3821504682      2551584670
2423098478      2039796133      2427517306      3592293148      1098183758
640422344       3246873522      4122387724      4289910131      2204539822
3083698457      2771852475      591252952       2578425341      3779667631
630193515       3255920226      1845947125      2921972060      3458733222
569875906       1955852869      1369235887      2158114960      437810321
2659868823      684100224       1890614498      3535922579      760268141
3855240149      64297172        3266778027      575855975       4123003548
2609862753      852177219       3175840731      1278060113      3290023097
3821597662      2418880642      364387751       3867023883      3774477551
1497838411      3965443914      2462057191
Hash complete.
------------making 3 passes, mapping to the symbol------------

Symbol power getting complete.
27      234     35      136     112     193     239     80      163     139
197     108     96      165     197     90      15      246     221     122
222     88      18      247     3       74      57      63      199     22
109     148     176     30      116     44      135     182     178     102
205     55      61      175     73      143     17      6       41      40
247     147     156     162     24      138     198     176     193     80
202     213     183     82      192     143     203     75      45      25
200     45      184     126     249     71      91      192     176     12
67      136     183     251     155     91      244     243     248     201
13      13      254     214     2       11      251     120     247     59
46      155     124     205     207     1       170     158     110     165
122     28      78      200     178     12      115     174     25      187
216     253     175     107     98      245     92      166     194     69
175     144     145     151     128     226     147     109     213     212
171     103     156     97      67      219     81      185     222     130
167     11      239     75      74      231     205     68      157     178
162     48      196     154     82      219     255     248     142     176
84      144     48      123     49      125     92      201     128     133
34      236     66      229     80      246     47      42      82      40
19      179     10      200     135     108     76      71      12      173
54      79      147     124     133     98      95      239     179     109
90      99      57      211     174     114     135     44      178     231
79      152     246     31      195     47      168     84      57      133
36      171     68      66
Symbol writing complete.
Symbol length: 234 byte
Spinal coding complete.
====================== channel with itpp =====================
trans_sym:
[27 234 35 136 112 193 239 80 163 139 197 108 96 165 197 90 15 246 221 122 222 8
8 18 247 3 74 57 63 199 22 109 148 176 30 116 44 135 182 178 102 205 55 61 175 7
3 143 17 6 41 40 247 147 156 162 24 138 198 176 193 80 202 213 183 82 192 143 20
3 75 45 25 200 45 184 126 249 71 91 192 176 12 67 136 183 251 155 91 244 243 248
 201 13 13 254 214 2 11 251 120 247 59 46 155 124 205 207 1 170 158 110 165 122
28 78 200 178 12 115 174 25 187 216 253 175 107 98 245 92 166 194 69 175 144 145
 151 128 226 147 109 213 212 171 103 156 97 67 219 81 185 222 130 167 11 239 75
74 231 205 68 157 178 162 48 196 154 82 219 255 248 142 176 84 144 48 123 49 125
 92 201 128 133 34 236 66 229 80 246 47 42 82 40 19 179 10 200 135 108 76 71 12
173 54 79 147 124 133 98 95 239 179 109 90 99 57 211 174 114 135 44 178 231 79 1
52 246 31 195 47 168 84 57 133 36 171 68 66]
trans_bits:
[0 1 1 0 1 0 0 0 0 1 1 0 0 1 0 1 0 1 1 0 1 1 0 0 0 1 1 0 1 1 0 0 0 1 1 0 1 1 1 1
 0 0 1 0 0 0 0 0 0 1 1 1 0 1 1 1 0 1 1 0 1 1 1 1 0 1 1 1 0 0 1 0 0 1 1 0 1 1 0 0
 0 1 1 0 0 1 0 0 0 0 1 0 0 0 0 1 0 0 1 0 0 0 0 1 0 0 1 0 0 0 0 1 0 0 0 0 1 1 0 1
 0 0 0 0 1 0 1 0 0 1 1 1 0 1 1 1 0 1 1 0 0 0 0 1 0 1 1 0 1 0 1 1 0 1 1 0 0 0 0 1
 0 1 1 0 1 0 1 1 0 1 1 0 0 0 0 1 0 0 1 0 1 1 0 0 0 1 1 1 0 1 1 1 0 1 1 0 0 0 0 1
 0 1 1 0 1 0 1 1 0 1 1 0 0 0 0 1 0 1 1 0 1 0 1 1 0 1 1 0 0 0 0 1]
Now simulating Eb/N0 value number 1 of 1
recive_sym: [24.9021 244.083 41.6954 145.233 123.512 197.175 234.594 71.1518 153
.633 136.78 189.059 125.476 113.478 174.075 198.73 84.5904 -0.559952 239.176 207
.016 117.091 215.575 87.627 23.9097 254.601 -3.65464 72.3177 43.4224 63.3783 209
.651 11.0585 116.945 145.069 179.774 38.1529 122.726 52.3021 145.795 180.008 170
.57 115.834 208.655 60.3351 62.82 179.966 65.599 141.672 21.0584 0.0217048 24.02
25 36.6464 248.919 136.301 158.24 151.721 26.7292 149.851 195.64 187.259 183.753
 84.8665 195.649 213.557 181.729 73.1294 178.528 148.884 202.278 66.4078 54.9628
 23.6616 202.909 51.2559 182.008 124.637 249.811 69.0569 84.0557 195.416 182.275
 9.7134 66.1428 132.324 185.31 257.632 155.912 87.8861 247.097 252.417 245.57 21
1.077 21.7457 8.01167 247.337 200.947 5.54875 11.2455 249.103 110.98 253.491 55.
24 52.41 160.298 120.913 212.056 202.026 2.26075 161.041 157.324 115.894 171.761
 125.668 19.2298 83.5462 197.56 174.068 22.0062 125.029 176.922 23.268 165.281 2
11.495 251.182 168.035 105.11 99.4125 249.509 99.6842 169.903 189.466 65.9892 17
9.539 140.565 139.804 154.864 141.668 232.739 140.31 104.114 215.594 210.841 174
.02 106.83 164.781 100.746 61.2176 219.182 82.7439 186.457 218.813 147.534 169.2
42 4.67068 244.686 68.3165 73.6257 238.592 205.148 55.9471 166.177 173.804 158.1
6 55.2078 204.641 148.347 82.1797 215.819 259.966 249.428 138.832 185.398 83.677
2 142.095 53.6442 120.834 41.9727 121.556 115.556 199.216 125.333 150.693 39.207
3 230.248 69.5353 225.862 85.8512 246.019 49.5389 47.6763 75.5962 46.1466 36.327
1 174.893 6.93566 206.935 144.351 111.175 65.3326 61.0582 1.10723 168.963 50.094
 83.2377 150.146 129.295 143.037 108.2 98.5083 246.813 180.652 114.331 100.477 9
6.6022 57.9212 204.893 175.322 112.021 128.534 49.1321 190.187 229.48 89.2809 14
9.766 238.351 33.2686 192.356 41.3388 158.238 91.1758 43.9197 126.888 25.3531 17
9.04 68.0022 68.3849]
Decoding result:
Decoded message block:
3       2       0       6       2       5       5       4       3       3
0       6       7       4       4       0       3       5       6       5
4       3       6       4       1       4       6       3       1       6
4       1       5       1       2       4       5       6       3       5
6       2       6       1       4       5       7       2       0       5
4       5       1       2       5       5       3       3       3       0
4       0       1       5       4       3       6       0       0       3
0       2       2       5       1       4       5       1
Decoded message:
0 1 1 0 1 0 0 0 0 1 1 0 0 1 0 1 0 1 1 0 1 1 0 0 0 1 1 0 1 1 0 0 0 1 1 0 1 1 1 1
0 0 1 0 0 0 0 0 0 1 1 1 0 1 1 1 0 1 0 1 1 0 0 0 1 1 1 1 0 1 0 0 0 0 1 1 0 0 1 1
0 0 1 1 0 0 1 1 1 0 1 0 0 0 0 1 1 0 1 0 0 1 0 1 0 1 0 0 1 0 1 1 1 0 0 1 1 1 0 1
1 1 0 0 1 0 1 1 0 0 0 1 1 0 0 1 0 1 1 1 1 0 1 0 0 0 0 1 0 1 1 0 0 1 0 1 0 0 1 0
1 0 1 0 1 1 0 1 0 1 1 0 1 1 0 1 1 0 0 0 1 0 0 0 0 0 0 0 1 1 0 1 1 0 0 0 1 1 1 1
0 0 0 0 0 0 0 0 1 1 0 0 0 0 1 0 0 1 0 1 0 1 0 0 1 1 0 0 1 0 1 0 0 1

EbN0dB = [20] [dB]
BER = [0.387931]
Saving results to ./qpsk_result_file.it

Çë°´ÈÎÒâ¼ü¼ÌÐø. . .