0 1 1 0 1 0 0 0 0 1 1 0 0 1 0 1 0 1 1 0 1 1 0 0 0 1 1 0 1 1 0 0 0 1 1 0 1 1 1 1
0 0 1 0 0 0 0 0 0 1 1 1 0 1 1 1 0 1 1 0 1 1 1 1 0 1 1 1 0 0 1 0 0 1 1 0 1 1 0 0
0 1 1 0 0 1 0 0 0 0 1 0 0 0 0 1 0 0 1 0 0 0 0 1 0 0 1 0 0 0 0 1 0 0 0 0 1 1 0 1
0 0 0 0 1 0 1 0 0 1 1 1 0 1 1 1 0 1 1 0 0 0 0 1 0 1 1 0 1 0 1 1 0 1 1 0 0 0 0 1
0 1 1 0 1 0 1 1 0 1 1 0 0 0 0 1 0 0 1 0 1 1 0 0 0 1 1 1 0 1 1 1 0 1 1 0 0 0 0 1
0 1 1 0 1 0 1 1 0 1 1 0 0 0 0 1 0 1 1 0 1 0 1 1 0 1 1 0 0 0 0 1

0 0 1 1 0 1 0 1 1 0 1 0 1 1 0 0 0 1 0 1 1 1 1 0 1 0 0 0 0 1 0 1 1 0 0 1 0 1 0 0
0 0 1 1 0 0 1 0 0 0 1 1 0 1 0 1 0 0 0 0 0 0 0 1 1 0 0 1 1 1 0 0 1 1 0 0 1 1 1 1
0 0 0 0 1 0 0 0 1 1 0 0 1 0 0 1 0 0 0 1 1 1 0 0 0 1 0 0 0 1 1 0 0 0 0 1 0 1 0 0
0 0 0 0 1 1 1 0 0 1 1 1 1 1 0 1 1 0 0 1 0 1 1 0 0 0 0 0 1 0 0 0 0 0 0 1 0 0 0 0
0 1 0 0 1 0 1 1 0 0 1 1 0 0 0 0 0 1 0 1 1 1 0 1 1 0 1 0 1 1 1 1 1 0 1 1 1 1 1 0
1 0 0 1 1 1 0 1 1 1 1 0 1 1 1 0 0 0 0 0 1 1 0 0 1 0 0 0 1 0 0 1 0 1

message block:
3       2       0       6       2       5       5       4       3       3
0       6       7       4       4       0       3       5       6       6
7       5       6       2       3       3       0       6       2       0
4       1       1       0       2       2       0       4       1       5
0       2       4       7       3       5       4       1       3       2
6       6       0       5       5       3       3       0       2       2
6       1       6       7       3       0       2       6       5       5
4       1       3       2       6       6       0       4



Decoded message block:
3       2       0       6       2       5       5       4       3       3
0       6       7       4       4       0       3       5       6       5
4       3       6       4       1       4       6       3       1       6
4       1       5       1       2       4       5       6       3       5
6       2       6       1       4       5       7       2       0       5
4       5       1       2       5       5       3       3       3       0
4       0       1       5       4       3       6       0       0       3
0       2       2       5       1       4       5       1

message block:
3       2       0       6       2       5       5       4       3       3
0       6       7       4       4       0       3       5       6       6
7       5       6       2       3       3       0       6       2       0